{
 "cells": [
  {
   "cell_type": "code",
   "execution_count": 41,
   "metadata": {},
   "outputs": [],
   "source": [
    "import numpy as np\n",
    "import pandas as pd\n",
    "from pandas_datareader import data\n",
    "import seaborn as sb\n",
    "import matplotlib.pyplot as plt\n",
    "%matplotlib inline"
   ]
  },
  {
   "cell_type": "code",
   "execution_count": 42,
   "metadata": {},
   "outputs": [],
   "source": [
    "import numpy as np\n",
    "import pandas as pd\n",
    "import matplotlib.pyplot as plt\n",
    "import seaborn as sb\n",
    "from datetime import date\n",
    "from nsepy import get_history as gh\n",
    "plt.style.use('fivethirtyeight') #setting matplotlib style\n",
    "from pandas_datareader import data"
   ]
  },
  {
   "cell_type": "code",
   "execution_count": 43,
   "metadata": {},
   "outputs": [],
   "source": [
    "import numpy as np\n",
    "import pandas as pd\n",
    "import matplotlib.pyplot as plt\n",
    "import seaborn as sb\n",
    "from datetime import date\n",
    "from nsepy import get_history as gh\n",
    "plt.style.use('fivethirtyeight')\n",
    "\n",
    "from pypfopt.efficient_frontier import EfficientFrontier\n",
    "from pypfopt import  risk_models\n",
    "from pypfopt import expected_returns\n",
    "from pypfopt.discrete_allocation import DiscreteAllocation, get_latest_prices\n"
   ]
  },
  {
   "cell_type": "code",
   "execution_count": 44,
   "metadata": {
    "scrolled": true
   },
   "outputs": [
    {
     "data": {
      "text/html": [
       "<div>\n",
       "<style scoped>\n",
       "    .dataframe tbody tr th:only-of-type {\n",
       "        vertical-align: middle;\n",
       "    }\n",
       "\n",
       "    .dataframe tbody tr th {\n",
       "        vertical-align: top;\n",
       "    }\n",
       "\n",
       "    .dataframe thead tr th {\n",
       "        text-align: left;\n",
       "    }\n",
       "\n",
       "    .dataframe thead tr:last-of-type th {\n",
       "        text-align: right;\n",
       "    }\n",
       "</style>\n",
       "<table border=\"1\" class=\"dataframe\">\n",
       "  <thead>\n",
       "    <tr>\n",
       "      <th>Attributes</th>\n",
       "      <th colspan=\"10\" halign=\"left\">Adj Close</th>\n",
       "      <th>...</th>\n",
       "      <th colspan=\"10\" halign=\"left\">Volume</th>\n",
       "    </tr>\n",
       "    <tr>\n",
       "      <th>Symbols</th>\n",
       "      <th>RELIANCE.NS</th>\n",
       "      <th>CIPLA.NS</th>\n",
       "      <th>MARUTI.NS</th>\n",
       "      <th>HINDUNILVR.NS</th>\n",
       "      <th>ICICIBANK.NS</th>\n",
       "      <th>NESTLEIND.NS</th>\n",
       "      <th>TCS.NS</th>\n",
       "      <th>RAMCOCEM.NS</th>\n",
       "      <th>NIFTYBEES.NS</th>\n",
       "      <th>BANKBEES.NS</th>\n",
       "      <th>...</th>\n",
       "      <th>RELIANCE.NS</th>\n",
       "      <th>CIPLA.NS</th>\n",
       "      <th>MARUTI.NS</th>\n",
       "      <th>HINDUNILVR.NS</th>\n",
       "      <th>ICICIBANK.NS</th>\n",
       "      <th>NESTLEIND.NS</th>\n",
       "      <th>TCS.NS</th>\n",
       "      <th>RAMCOCEM.NS</th>\n",
       "      <th>NIFTYBEES.NS</th>\n",
       "      <th>BANKBEES.NS</th>\n",
       "    </tr>\n",
       "    <tr>\n",
       "      <th>Date</th>\n",
       "      <th></th>\n",
       "      <th></th>\n",
       "      <th></th>\n",
       "      <th></th>\n",
       "      <th></th>\n",
       "      <th></th>\n",
       "      <th></th>\n",
       "      <th></th>\n",
       "      <th></th>\n",
       "      <th></th>\n",
       "      <th></th>\n",
       "      <th></th>\n",
       "      <th></th>\n",
       "      <th></th>\n",
       "      <th></th>\n",
       "      <th></th>\n",
       "      <th></th>\n",
       "      <th></th>\n",
       "      <th></th>\n",
       "      <th></th>\n",
       "      <th></th>\n",
       "    </tr>\n",
       "  </thead>\n",
       "  <tbody>\n",
       "    <tr>\n",
       "      <th>2016-01-01</th>\n",
       "      <td>484.996338</td>\n",
       "      <td>638.705994</td>\n",
       "      <td>4352.271484</td>\n",
       "      <td>781.844177</td>\n",
       "      <td>227.072784</td>\n",
       "      <td>5280.468262</td>\n",
       "      <td>1075.699219</td>\n",
       "      <td>379.417572</td>\n",
       "      <td>80.505997</td>\n",
       "      <td>171.347000</td>\n",
       "      <td>...</td>\n",
       "      <td>2499742.0</td>\n",
       "      <td>556012.0</td>\n",
       "      <td>243597.0</td>\n",
       "      <td>230366.0</td>\n",
       "      <td>5998096.0</td>\n",
       "      <td>12085.0</td>\n",
       "      <td>712262.0</td>\n",
       "      <td>60581.0</td>\n",
       "      <td>273470.0</td>\n",
       "      <td>75270.0</td>\n",
       "    </tr>\n",
       "    <tr>\n",
       "      <th>2016-01-04</th>\n",
       "      <td>475.419189</td>\n",
       "      <td>629.252441</td>\n",
       "      <td>4297.991699</td>\n",
       "      <td>784.080383</td>\n",
       "      <td>220.640518</td>\n",
       "      <td>5175.181641</td>\n",
       "      <td>1054.866211</td>\n",
       "      <td>378.833557</td>\n",
       "      <td>79.030998</td>\n",
       "      <td>167.294998</td>\n",
       "      <td>...</td>\n",
       "      <td>13923887.0</td>\n",
       "      <td>631534.0</td>\n",
       "      <td>405501.0</td>\n",
       "      <td>828876.0</td>\n",
       "      <td>9435792.0</td>\n",
       "      <td>35426.0</td>\n",
       "      <td>1870184.0</td>\n",
       "      <td>79920.0</td>\n",
       "      <td>403970.0</td>\n",
       "      <td>67670.0</td>\n",
       "    </tr>\n",
       "    <tr>\n",
       "      <th>2016-01-05</th>\n",
       "      <td>480.124268</td>\n",
       "      <td>624.574219</td>\n",
       "      <td>4285.137207</td>\n",
       "      <td>773.994141</td>\n",
       "      <td>221.633423</td>\n",
       "      <td>5168.427246</td>\n",
       "      <td>1045.672974</td>\n",
       "      <td>387.739838</td>\n",
       "      <td>78.981003</td>\n",
       "      <td>166.813995</td>\n",
       "      <td>...</td>\n",
       "      <td>6897687.0</td>\n",
       "      <td>642269.0</td>\n",
       "      <td>509285.0</td>\n",
       "      <td>1118709.0</td>\n",
       "      <td>8966977.0</td>\n",
       "      <td>27112.0</td>\n",
       "      <td>2678020.0</td>\n",
       "      <td>118475.0</td>\n",
       "      <td>347970.0</td>\n",
       "      <td>35430.0</td>\n",
       "    </tr>\n",
       "    <tr>\n",
       "      <th>2016-01-06</th>\n",
       "      <td>493.045044</td>\n",
       "      <td>635.538452</td>\n",
       "      <td>4204.302734</td>\n",
       "      <td>769.521606</td>\n",
       "      <td>215.934998</td>\n",
       "      <td>5220.546387</td>\n",
       "      <td>1060.207886</td>\n",
       "      <td>380.585602</td>\n",
       "      <td>78.515999</td>\n",
       "      <td>165.123993</td>\n",
       "      <td>...</td>\n",
       "      <td>12349673.0</td>\n",
       "      <td>1234096.0</td>\n",
       "      <td>593742.0</td>\n",
       "      <td>2135092.0</td>\n",
       "      <td>17416181.0</td>\n",
       "      <td>55372.0</td>\n",
       "      <td>2653228.0</td>\n",
       "      <td>525730.0</td>\n",
       "      <td>486200.0</td>\n",
       "      <td>94420.0</td>\n",
       "    </tr>\n",
       "    <tr>\n",
       "      <th>2016-01-07</th>\n",
       "      <td>483.993256</td>\n",
       "      <td>621.260620</td>\n",
       "      <td>4004.540039</td>\n",
       "      <td>748.710083</td>\n",
       "      <td>213.042633</td>\n",
       "      <td>5147.022949</td>\n",
       "      <td>1055.600464</td>\n",
       "      <td>379.612213</td>\n",
       "      <td>76.891998</td>\n",
       "      <td>161.979996</td>\n",
       "      <td>...</td>\n",
       "      <td>9109980.0</td>\n",
       "      <td>732335.0</td>\n",
       "      <td>1200069.0</td>\n",
       "      <td>1353969.0</td>\n",
       "      <td>18240712.0</td>\n",
       "      <td>22220.0</td>\n",
       "      <td>3199580.0</td>\n",
       "      <td>410722.0</td>\n",
       "      <td>1563600.0</td>\n",
       "      <td>1622460.0</td>\n",
       "    </tr>\n",
       "  </tbody>\n",
       "</table>\n",
       "<p>5 rows × 60 columns</p>\n",
       "</div>"
      ],
      "text/plain": [
       "Attributes   Adj Close                                                      \\\n",
       "Symbols    RELIANCE.NS    CIPLA.NS    MARUTI.NS HINDUNILVR.NS ICICIBANK.NS   \n",
       "Date                                                                         \n",
       "2016-01-01  484.996338  638.705994  4352.271484    781.844177   227.072784   \n",
       "2016-01-04  475.419189  629.252441  4297.991699    784.080383   220.640518   \n",
       "2016-01-05  480.124268  624.574219  4285.137207    773.994141   221.633423   \n",
       "2016-01-06  493.045044  635.538452  4204.302734    769.521606   215.934998   \n",
       "2016-01-07  483.993256  621.260620  4004.540039    748.710083   213.042633   \n",
       "\n",
       "Attributes                                                                 \\\n",
       "Symbols    NESTLEIND.NS       TCS.NS RAMCOCEM.NS NIFTYBEES.NS BANKBEES.NS   \n",
       "Date                                                                        \n",
       "2016-01-01  5280.468262  1075.699219  379.417572    80.505997  171.347000   \n",
       "2016-01-04  5175.181641  1054.866211  378.833557    79.030998  167.294998   \n",
       "2016-01-05  5168.427246  1045.672974  387.739838    78.981003  166.813995   \n",
       "2016-01-06  5220.546387  1060.207886  380.585602    78.515999  165.123993   \n",
       "2016-01-07  5147.022949  1055.600464  379.612213    76.891998  161.979996   \n",
       "\n",
       "Attributes  ...      Volume                                                   \\\n",
       "Symbols     ... RELIANCE.NS   CIPLA.NS  MARUTI.NS HINDUNILVR.NS ICICIBANK.NS   \n",
       "Date        ...                                                                \n",
       "2016-01-01  ...   2499742.0   556012.0   243597.0      230366.0    5998096.0   \n",
       "2016-01-04  ...  13923887.0   631534.0   405501.0      828876.0    9435792.0   \n",
       "2016-01-05  ...   6897687.0   642269.0   509285.0     1118709.0    8966977.0   \n",
       "2016-01-06  ...  12349673.0  1234096.0   593742.0     2135092.0   17416181.0   \n",
       "2016-01-07  ...   9109980.0   732335.0  1200069.0     1353969.0   18240712.0   \n",
       "\n",
       "Attributes                                                               \n",
       "Symbols    NESTLEIND.NS     TCS.NS RAMCOCEM.NS NIFTYBEES.NS BANKBEES.NS  \n",
       "Date                                                                     \n",
       "2016-01-01      12085.0   712262.0     60581.0     273470.0     75270.0  \n",
       "2016-01-04      35426.0  1870184.0     79920.0     403970.0     67670.0  \n",
       "2016-01-05      27112.0  2678020.0    118475.0     347970.0     35430.0  \n",
       "2016-01-06      55372.0  2653228.0    525730.0     486200.0     94420.0  \n",
       "2016-01-07      22220.0  3199580.0    410722.0    1563600.0   1622460.0  \n",
       "\n",
       "[5 rows x 60 columns]"
      ]
     },
     "execution_count": 44,
     "metadata": {},
     "output_type": "execute_result"
    }
   ],
   "source": [
    "df = data.DataReader(['RELIANCE.NS', 'CIPLA.NS', 'MARUTI.NS', 'HINDUNILVR.NS','ICICIBANK.NS','NESTLEIND.NS','TCS.NS','RAMCOCEM.NS','NIFTYBEES.NS','BANKBEES.NS'], 'yahoo', start='2016/01/01', end='2022/02/17')\n",
    "df.head()"
   ]
  },
  {
   "cell_type": "code",
   "execution_count": 45,
   "metadata": {},
   "outputs": [
    {
     "data": {
      "text/html": [
       "<div>\n",
       "<style scoped>\n",
       "    .dataframe tbody tr th:only-of-type {\n",
       "        vertical-align: middle;\n",
       "    }\n",
       "\n",
       "    .dataframe tbody tr th {\n",
       "        vertical-align: top;\n",
       "    }\n",
       "\n",
       "    .dataframe thead th {\n",
       "        text-align: right;\n",
       "    }\n",
       "</style>\n",
       "<table border=\"1\" class=\"dataframe\">\n",
       "  <thead>\n",
       "    <tr style=\"text-align: right;\">\n",
       "      <th>Symbols</th>\n",
       "      <th>RELIANCE.NS</th>\n",
       "      <th>CIPLA.NS</th>\n",
       "      <th>MARUTI.NS</th>\n",
       "      <th>HINDUNILVR.NS</th>\n",
       "      <th>ICICIBANK.NS</th>\n",
       "      <th>NESTLEIND.NS</th>\n",
       "      <th>TCS.NS</th>\n",
       "      <th>RAMCOCEM.NS</th>\n",
       "      <th>NIFTYBEES.NS</th>\n",
       "      <th>BANKBEES.NS</th>\n",
       "    </tr>\n",
       "    <tr>\n",
       "      <th>Date</th>\n",
       "      <th></th>\n",
       "      <th></th>\n",
       "      <th></th>\n",
       "      <th></th>\n",
       "      <th></th>\n",
       "      <th></th>\n",
       "      <th></th>\n",
       "      <th></th>\n",
       "      <th></th>\n",
       "      <th></th>\n",
       "    </tr>\n",
       "  </thead>\n",
       "  <tbody>\n",
       "    <tr>\n",
       "      <th>2016-01-01</th>\n",
       "      <td>484.996338</td>\n",
       "      <td>638.705994</td>\n",
       "      <td>4352.271484</td>\n",
       "      <td>781.844177</td>\n",
       "      <td>227.072784</td>\n",
       "      <td>5280.468262</td>\n",
       "      <td>1075.699219</td>\n",
       "      <td>379.417572</td>\n",
       "      <td>80.505997</td>\n",
       "      <td>171.347000</td>\n",
       "    </tr>\n",
       "    <tr>\n",
       "      <th>2016-01-04</th>\n",
       "      <td>475.419189</td>\n",
       "      <td>629.252441</td>\n",
       "      <td>4297.991699</td>\n",
       "      <td>784.080383</td>\n",
       "      <td>220.640518</td>\n",
       "      <td>5175.181641</td>\n",
       "      <td>1054.866211</td>\n",
       "      <td>378.833557</td>\n",
       "      <td>79.030998</td>\n",
       "      <td>167.294998</td>\n",
       "    </tr>\n",
       "    <tr>\n",
       "      <th>2016-01-05</th>\n",
       "      <td>480.124268</td>\n",
       "      <td>624.574219</td>\n",
       "      <td>4285.137207</td>\n",
       "      <td>773.994141</td>\n",
       "      <td>221.633423</td>\n",
       "      <td>5168.427246</td>\n",
       "      <td>1045.672974</td>\n",
       "      <td>387.739838</td>\n",
       "      <td>78.981003</td>\n",
       "      <td>166.813995</td>\n",
       "    </tr>\n",
       "    <tr>\n",
       "      <th>2016-01-06</th>\n",
       "      <td>493.045044</td>\n",
       "      <td>635.538452</td>\n",
       "      <td>4204.302734</td>\n",
       "      <td>769.521606</td>\n",
       "      <td>215.934998</td>\n",
       "      <td>5220.546387</td>\n",
       "      <td>1060.207886</td>\n",
       "      <td>380.585602</td>\n",
       "      <td>78.515999</td>\n",
       "      <td>165.123993</td>\n",
       "    </tr>\n",
       "    <tr>\n",
       "      <th>2016-01-07</th>\n",
       "      <td>483.993256</td>\n",
       "      <td>621.260620</td>\n",
       "      <td>4004.540039</td>\n",
       "      <td>748.710083</td>\n",
       "      <td>213.042633</td>\n",
       "      <td>5147.022949</td>\n",
       "      <td>1055.600464</td>\n",
       "      <td>379.612213</td>\n",
       "      <td>76.891998</td>\n",
       "      <td>161.979996</td>\n",
       "    </tr>\n",
       "  </tbody>\n",
       "</table>\n",
       "</div>"
      ],
      "text/plain": [
       "Symbols     RELIANCE.NS    CIPLA.NS    MARUTI.NS  HINDUNILVR.NS  ICICIBANK.NS  \\\n",
       "Date                                                                            \n",
       "2016-01-01   484.996338  638.705994  4352.271484     781.844177    227.072784   \n",
       "2016-01-04   475.419189  629.252441  4297.991699     784.080383    220.640518   \n",
       "2016-01-05   480.124268  624.574219  4285.137207     773.994141    221.633423   \n",
       "2016-01-06   493.045044  635.538452  4204.302734     769.521606    215.934998   \n",
       "2016-01-07   483.993256  621.260620  4004.540039     748.710083    213.042633   \n",
       "\n",
       "Symbols     NESTLEIND.NS       TCS.NS  RAMCOCEM.NS  NIFTYBEES.NS  BANKBEES.NS  \n",
       "Date                                                                           \n",
       "2016-01-01   5280.468262  1075.699219   379.417572     80.505997   171.347000  \n",
       "2016-01-04   5175.181641  1054.866211   378.833557     79.030998   167.294998  \n",
       "2016-01-05   5168.427246  1045.672974   387.739838     78.981003   166.813995  \n",
       "2016-01-06   5220.546387  1060.207886   380.585602     78.515999   165.123993  \n",
       "2016-01-07   5147.022949  1055.600464   379.612213     76.891998   161.979996  "
      ]
     },
     "execution_count": 45,
     "metadata": {},
     "output_type": "execute_result"
    }
   ],
   "source": [
    "df = df['Adj Close']\n",
    "df.head()"
   ]
  },
  {
   "cell_type": "code",
   "execution_count": 46,
   "metadata": {
    "scrolled": false
   },
   "outputs": [
    {
     "data": {
      "text/html": [
       "<div>\n",
       "<style scoped>\n",
       "    .dataframe tbody tr th:only-of-type {\n",
       "        vertical-align: middle;\n",
       "    }\n",
       "\n",
       "    .dataframe tbody tr th {\n",
       "        vertical-align: top;\n",
       "    }\n",
       "\n",
       "    .dataframe thead th {\n",
       "        text-align: right;\n",
       "    }\n",
       "</style>\n",
       "<table border=\"1\" class=\"dataframe\">\n",
       "  <thead>\n",
       "    <tr style=\"text-align: right;\">\n",
       "      <th>Symbols</th>\n",
       "      <th>RELIANCE.NS</th>\n",
       "      <th>CIPLA.NS</th>\n",
       "      <th>MARUTI.NS</th>\n",
       "      <th>HINDUNILVR.NS</th>\n",
       "      <th>ICICIBANK.NS</th>\n",
       "      <th>NESTLEIND.NS</th>\n",
       "      <th>TCS.NS</th>\n",
       "      <th>RAMCOCEM.NS</th>\n",
       "      <th>NIFTYBEES.NS</th>\n",
       "      <th>BANKBEES.NS</th>\n",
       "    </tr>\n",
       "    <tr>\n",
       "      <th>Symbols</th>\n",
       "      <th></th>\n",
       "      <th></th>\n",
       "      <th></th>\n",
       "      <th></th>\n",
       "      <th></th>\n",
       "      <th></th>\n",
       "      <th></th>\n",
       "      <th></th>\n",
       "      <th></th>\n",
       "      <th></th>\n",
       "    </tr>\n",
       "  </thead>\n",
       "  <tbody>\n",
       "    <tr>\n",
       "      <th>RELIANCE.NS</th>\n",
       "      <td>0.000352</td>\n",
       "      <td>0.000049</td>\n",
       "      <td>0.000141</td>\n",
       "      <td>0.000078</td>\n",
       "      <td>0.000151</td>\n",
       "      <td>0.000074</td>\n",
       "      <td>0.000077</td>\n",
       "      <td>0.000109</td>\n",
       "      <td>0.000060</td>\n",
       "      <td>0.000065</td>\n",
       "    </tr>\n",
       "    <tr>\n",
       "      <th>CIPLA.NS</th>\n",
       "      <td>0.000049</td>\n",
       "      <td>0.000298</td>\n",
       "      <td>0.000064</td>\n",
       "      <td>0.000044</td>\n",
       "      <td>0.000067</td>\n",
       "      <td>0.000043</td>\n",
       "      <td>0.000042</td>\n",
       "      <td>0.000049</td>\n",
       "      <td>0.000060</td>\n",
       "      <td>0.000060</td>\n",
       "    </tr>\n",
       "    <tr>\n",
       "      <th>MARUTI.NS</th>\n",
       "      <td>0.000141</td>\n",
       "      <td>0.000064</td>\n",
       "      <td>0.000377</td>\n",
       "      <td>0.000095</td>\n",
       "      <td>0.000193</td>\n",
       "      <td>0.000082</td>\n",
       "      <td>0.000071</td>\n",
       "      <td>0.000151</td>\n",
       "      <td>0.000148</td>\n",
       "      <td>0.000179</td>\n",
       "    </tr>\n",
       "    <tr>\n",
       "      <th>HINDUNILVR.NS</th>\n",
       "      <td>0.000078</td>\n",
       "      <td>0.000044</td>\n",
       "      <td>0.000095</td>\n",
       "      <td>0.000205</td>\n",
       "      <td>0.000084</td>\n",
       "      <td>0.000099</td>\n",
       "      <td>0.000059</td>\n",
       "      <td>0.000063</td>\n",
       "      <td>0.000055</td>\n",
       "      <td>0.000058</td>\n",
       "    </tr>\n",
       "    <tr>\n",
       "      <th>ICICIBANK.NS</th>\n",
       "      <td>0.000151</td>\n",
       "      <td>0.000067</td>\n",
       "      <td>0.000193</td>\n",
       "      <td>0.000084</td>\n",
       "      <td>0.000504</td>\n",
       "      <td>0.000074</td>\n",
       "      <td>0.000072</td>\n",
       "      <td>0.000172</td>\n",
       "      <td>0.000153</td>\n",
       "      <td>0.000271</td>\n",
       "    </tr>\n",
       "    <tr>\n",
       "      <th>NESTLEIND.NS</th>\n",
       "      <td>0.000074</td>\n",
       "      <td>0.000043</td>\n",
       "      <td>0.000082</td>\n",
       "      <td>0.000099</td>\n",
       "      <td>0.000074</td>\n",
       "      <td>0.000225</td>\n",
       "      <td>0.000051</td>\n",
       "      <td>0.000067</td>\n",
       "      <td>0.000014</td>\n",
       "      <td>0.000017</td>\n",
       "    </tr>\n",
       "    <tr>\n",
       "      <th>TCS.NS</th>\n",
       "      <td>0.000077</td>\n",
       "      <td>0.000042</td>\n",
       "      <td>0.000071</td>\n",
       "      <td>0.000059</td>\n",
       "      <td>0.000072</td>\n",
       "      <td>0.000051</td>\n",
       "      <td>0.000250</td>\n",
       "      <td>0.000051</td>\n",
       "      <td>0.000033</td>\n",
       "      <td>0.000022</td>\n",
       "    </tr>\n",
       "    <tr>\n",
       "      <th>RAMCOCEM.NS</th>\n",
       "      <td>0.000109</td>\n",
       "      <td>0.000049</td>\n",
       "      <td>0.000151</td>\n",
       "      <td>0.000063</td>\n",
       "      <td>0.000172</td>\n",
       "      <td>0.000067</td>\n",
       "      <td>0.000051</td>\n",
       "      <td>0.000371</td>\n",
       "      <td>0.000104</td>\n",
       "      <td>0.000137</td>\n",
       "    </tr>\n",
       "    <tr>\n",
       "      <th>NIFTYBEES.NS</th>\n",
       "      <td>0.000060</td>\n",
       "      <td>0.000060</td>\n",
       "      <td>0.000148</td>\n",
       "      <td>0.000055</td>\n",
       "      <td>0.000153</td>\n",
       "      <td>0.000014</td>\n",
       "      <td>0.000033</td>\n",
       "      <td>0.000104</td>\n",
       "      <td>0.007081</td>\n",
       "      <td>0.007121</td>\n",
       "    </tr>\n",
       "    <tr>\n",
       "      <th>BANKBEES.NS</th>\n",
       "      <td>0.000065</td>\n",
       "      <td>0.000060</td>\n",
       "      <td>0.000179</td>\n",
       "      <td>0.000058</td>\n",
       "      <td>0.000271</td>\n",
       "      <td>0.000017</td>\n",
       "      <td>0.000022</td>\n",
       "      <td>0.000137</td>\n",
       "      <td>0.007121</td>\n",
       "      <td>0.007226</td>\n",
       "    </tr>\n",
       "  </tbody>\n",
       "</table>\n",
       "</div>"
      ],
      "text/plain": [
       "Symbols        RELIANCE.NS  CIPLA.NS  MARUTI.NS  HINDUNILVR.NS  ICICIBANK.NS  \\\n",
       "Symbols                                                                        \n",
       "RELIANCE.NS       0.000352  0.000049   0.000141       0.000078      0.000151   \n",
       "CIPLA.NS          0.000049  0.000298   0.000064       0.000044      0.000067   \n",
       "MARUTI.NS         0.000141  0.000064   0.000377       0.000095      0.000193   \n",
       "HINDUNILVR.NS     0.000078  0.000044   0.000095       0.000205      0.000084   \n",
       "ICICIBANK.NS      0.000151  0.000067   0.000193       0.000084      0.000504   \n",
       "NESTLEIND.NS      0.000074  0.000043   0.000082       0.000099      0.000074   \n",
       "TCS.NS            0.000077  0.000042   0.000071       0.000059      0.000072   \n",
       "RAMCOCEM.NS       0.000109  0.000049   0.000151       0.000063      0.000172   \n",
       "NIFTYBEES.NS      0.000060  0.000060   0.000148       0.000055      0.000153   \n",
       "BANKBEES.NS       0.000065  0.000060   0.000179       0.000058      0.000271   \n",
       "\n",
       "Symbols        NESTLEIND.NS    TCS.NS  RAMCOCEM.NS  NIFTYBEES.NS  BANKBEES.NS  \n",
       "Symbols                                                                        \n",
       "RELIANCE.NS        0.000074  0.000077     0.000109      0.000060     0.000065  \n",
       "CIPLA.NS           0.000043  0.000042     0.000049      0.000060     0.000060  \n",
       "MARUTI.NS          0.000082  0.000071     0.000151      0.000148     0.000179  \n",
       "HINDUNILVR.NS      0.000099  0.000059     0.000063      0.000055     0.000058  \n",
       "ICICIBANK.NS       0.000074  0.000072     0.000172      0.000153     0.000271  \n",
       "NESTLEIND.NS       0.000225  0.000051     0.000067      0.000014     0.000017  \n",
       "TCS.NS             0.000051  0.000250     0.000051      0.000033     0.000022  \n",
       "RAMCOCEM.NS        0.000067  0.000051     0.000371      0.000104     0.000137  \n",
       "NIFTYBEES.NS       0.000014  0.000033     0.000104      0.007081     0.007121  \n",
       "BANKBEES.NS        0.000017  0.000022     0.000137      0.007121     0.007226  "
      ]
     },
     "execution_count": 46,
     "metadata": {},
     "output_type": "execute_result"
    }
   ],
   "source": [
    "cov_matrix = df.pct_change().apply(lambda x: np.log(1+x)).cov()\n",
    "cov_matrix"
   ]
  },
  {
   "cell_type": "code",
   "execution_count": 47,
   "metadata": {},
   "outputs": [
    {
     "data": {
      "text/html": [
       "<div>\n",
       "<style scoped>\n",
       "    .dataframe tbody tr th:only-of-type {\n",
       "        vertical-align: middle;\n",
       "    }\n",
       "\n",
       "    .dataframe tbody tr th {\n",
       "        vertical-align: top;\n",
       "    }\n",
       "\n",
       "    .dataframe thead th {\n",
       "        text-align: right;\n",
       "    }\n",
       "</style>\n",
       "<table border=\"1\" class=\"dataframe\">\n",
       "  <thead>\n",
       "    <tr style=\"text-align: right;\">\n",
       "      <th>Symbols</th>\n",
       "      <th>RELIANCE.NS</th>\n",
       "      <th>CIPLA.NS</th>\n",
       "      <th>MARUTI.NS</th>\n",
       "      <th>HINDUNILVR.NS</th>\n",
       "      <th>ICICIBANK.NS</th>\n",
       "      <th>NESTLEIND.NS</th>\n",
       "      <th>TCS.NS</th>\n",
       "      <th>RAMCOCEM.NS</th>\n",
       "      <th>NIFTYBEES.NS</th>\n",
       "      <th>BANKBEES.NS</th>\n",
       "    </tr>\n",
       "    <tr>\n",
       "      <th>Symbols</th>\n",
       "      <th></th>\n",
       "      <th></th>\n",
       "      <th></th>\n",
       "      <th></th>\n",
       "      <th></th>\n",
       "      <th></th>\n",
       "      <th></th>\n",
       "      <th></th>\n",
       "      <th></th>\n",
       "      <th></th>\n",
       "    </tr>\n",
       "  </thead>\n",
       "  <tbody>\n",
       "    <tr>\n",
       "      <th>RELIANCE.NS</th>\n",
       "      <td>1.000000</td>\n",
       "      <td>0.150203</td>\n",
       "      <td>0.386881</td>\n",
       "      <td>0.290512</td>\n",
       "      <td>0.358664</td>\n",
       "      <td>0.263078</td>\n",
       "      <td>0.261002</td>\n",
       "      <td>0.302188</td>\n",
       "      <td>0.037713</td>\n",
       "      <td>0.040981</td>\n",
       "    </tr>\n",
       "    <tr>\n",
       "      <th>CIPLA.NS</th>\n",
       "      <td>0.150203</td>\n",
       "      <td>1.000000</td>\n",
       "      <td>0.190282</td>\n",
       "      <td>0.177298</td>\n",
       "      <td>0.173760</td>\n",
       "      <td>0.166880</td>\n",
       "      <td>0.152984</td>\n",
       "      <td>0.148545</td>\n",
       "      <td>0.041514</td>\n",
       "      <td>0.041190</td>\n",
       "    </tr>\n",
       "    <tr>\n",
       "      <th>MARUTI.NS</th>\n",
       "      <td>0.386881</td>\n",
       "      <td>0.190282</td>\n",
       "      <td>1.000000</td>\n",
       "      <td>0.340008</td>\n",
       "      <td>0.443449</td>\n",
       "      <td>0.280823</td>\n",
       "      <td>0.231224</td>\n",
       "      <td>0.403497</td>\n",
       "      <td>0.090830</td>\n",
       "      <td>0.108723</td>\n",
       "    </tr>\n",
       "    <tr>\n",
       "      <th>HINDUNILVR.NS</th>\n",
       "      <td>0.290512</td>\n",
       "      <td>0.177298</td>\n",
       "      <td>0.340008</td>\n",
       "      <td>1.000000</td>\n",
       "      <td>0.260386</td>\n",
       "      <td>0.462411</td>\n",
       "      <td>0.259372</td>\n",
       "      <td>0.227983</td>\n",
       "      <td>0.045752</td>\n",
       "      <td>0.047391</td>\n",
       "    </tr>\n",
       "    <tr>\n",
       "      <th>ICICIBANK.NS</th>\n",
       "      <td>0.358664</td>\n",
       "      <td>0.173760</td>\n",
       "      <td>0.443449</td>\n",
       "      <td>0.260386</td>\n",
       "      <td>1.000000</td>\n",
       "      <td>0.219311</td>\n",
       "      <td>0.202118</td>\n",
       "      <td>0.398536</td>\n",
       "      <td>0.080794</td>\n",
       "      <td>0.142169</td>\n",
       "    </tr>\n",
       "    <tr>\n",
       "      <th>NESTLEIND.NS</th>\n",
       "      <td>0.263078</td>\n",
       "      <td>0.166880</td>\n",
       "      <td>0.280823</td>\n",
       "      <td>0.462411</td>\n",
       "      <td>0.219311</td>\n",
       "      <td>1.000000</td>\n",
       "      <td>0.212914</td>\n",
       "      <td>0.232151</td>\n",
       "      <td>0.010762</td>\n",
       "      <td>0.013534</td>\n",
       "    </tr>\n",
       "    <tr>\n",
       "      <th>TCS.NS</th>\n",
       "      <td>0.261002</td>\n",
       "      <td>0.152984</td>\n",
       "      <td>0.231224</td>\n",
       "      <td>0.259372</td>\n",
       "      <td>0.202118</td>\n",
       "      <td>0.212914</td>\n",
       "      <td>1.000000</td>\n",
       "      <td>0.166781</td>\n",
       "      <td>0.024734</td>\n",
       "      <td>0.016652</td>\n",
       "    </tr>\n",
       "    <tr>\n",
       "      <th>RAMCOCEM.NS</th>\n",
       "      <td>0.302188</td>\n",
       "      <td>0.148545</td>\n",
       "      <td>0.403497</td>\n",
       "      <td>0.227983</td>\n",
       "      <td>0.398536</td>\n",
       "      <td>0.232151</td>\n",
       "      <td>0.166781</td>\n",
       "      <td>1.000000</td>\n",
       "      <td>0.064310</td>\n",
       "      <td>0.083806</td>\n",
       "    </tr>\n",
       "    <tr>\n",
       "      <th>NIFTYBEES.NS</th>\n",
       "      <td>0.037713</td>\n",
       "      <td>0.041514</td>\n",
       "      <td>0.090830</td>\n",
       "      <td>0.045752</td>\n",
       "      <td>0.080794</td>\n",
       "      <td>0.010762</td>\n",
       "      <td>0.024734</td>\n",
       "      <td>0.064310</td>\n",
       "      <td>1.000000</td>\n",
       "      <td>0.995539</td>\n",
       "    </tr>\n",
       "    <tr>\n",
       "      <th>BANKBEES.NS</th>\n",
       "      <td>0.040981</td>\n",
       "      <td>0.041190</td>\n",
       "      <td>0.108723</td>\n",
       "      <td>0.047391</td>\n",
       "      <td>0.142169</td>\n",
       "      <td>0.013534</td>\n",
       "      <td>0.016652</td>\n",
       "      <td>0.083806</td>\n",
       "      <td>0.995539</td>\n",
       "      <td>1.000000</td>\n",
       "    </tr>\n",
       "  </tbody>\n",
       "</table>\n",
       "</div>"
      ],
      "text/plain": [
       "Symbols        RELIANCE.NS  CIPLA.NS  MARUTI.NS  HINDUNILVR.NS  ICICIBANK.NS  \\\n",
       "Symbols                                                                        \n",
       "RELIANCE.NS       1.000000  0.150203   0.386881       0.290512      0.358664   \n",
       "CIPLA.NS          0.150203  1.000000   0.190282       0.177298      0.173760   \n",
       "MARUTI.NS         0.386881  0.190282   1.000000       0.340008      0.443449   \n",
       "HINDUNILVR.NS     0.290512  0.177298   0.340008       1.000000      0.260386   \n",
       "ICICIBANK.NS      0.358664  0.173760   0.443449       0.260386      1.000000   \n",
       "NESTLEIND.NS      0.263078  0.166880   0.280823       0.462411      0.219311   \n",
       "TCS.NS            0.261002  0.152984   0.231224       0.259372      0.202118   \n",
       "RAMCOCEM.NS       0.302188  0.148545   0.403497       0.227983      0.398536   \n",
       "NIFTYBEES.NS      0.037713  0.041514   0.090830       0.045752      0.080794   \n",
       "BANKBEES.NS       0.040981  0.041190   0.108723       0.047391      0.142169   \n",
       "\n",
       "Symbols        NESTLEIND.NS    TCS.NS  RAMCOCEM.NS  NIFTYBEES.NS  BANKBEES.NS  \n",
       "Symbols                                                                        \n",
       "RELIANCE.NS        0.263078  0.261002     0.302188      0.037713     0.040981  \n",
       "CIPLA.NS           0.166880  0.152984     0.148545      0.041514     0.041190  \n",
       "MARUTI.NS          0.280823  0.231224     0.403497      0.090830     0.108723  \n",
       "HINDUNILVR.NS      0.462411  0.259372     0.227983      0.045752     0.047391  \n",
       "ICICIBANK.NS       0.219311  0.202118     0.398536      0.080794     0.142169  \n",
       "NESTLEIND.NS       1.000000  0.212914     0.232151      0.010762     0.013534  \n",
       "TCS.NS             0.212914  1.000000     0.166781      0.024734     0.016652  \n",
       "RAMCOCEM.NS        0.232151  0.166781     1.000000      0.064310     0.083806  \n",
       "NIFTYBEES.NS       0.010762  0.024734     0.064310      1.000000     0.995539  \n",
       "BANKBEES.NS        0.013534  0.016652     0.083806      0.995539     1.000000  "
      ]
     },
     "execution_count": 47,
     "metadata": {},
     "output_type": "execute_result"
    }
   ],
   "source": [
    "corr_matrix = df.pct_change().apply(lambda x: np.log(1+x)).corr()\n",
    "corr_matrix"
   ]
  },
  {
   "cell_type": "code",
   "execution_count": 48,
   "metadata": {},
   "outputs": [
    {
     "data": {
